2.47951974902295
2.40156681985037
2.77937021428621
2.23264013380492
1.46659678987878
1.41328106679339
0.909043710238918
0.852550284733948
0.770018512797821
0.57352567705747
0.559372841350949
0.593647067366722
0.533399561673037
0.70617290160279
0.611875664940627
0.698138385731907
0.820929150076426
0.478327479385198
0.493125270665903
0.48877346044175
0.38812851319672
0.502183008205749
0.476581464942469
0.521152496499426
0.579525091824633
0.634862492778531
0.669336159229246
0.687339681637634
0.758952527774914
0.877110349475521
0.830422325061609
1.03513214345855
1.05164734856969
1.11714805053417
1.1656143960095
1.28866406329444
1.59977070745859
1.48855236893483
1.43187966079222
1.56975215203048
1.59304527600653
1.55972571883519
1.43308293400094
1.39697587152459
1.36072951440945
1.57510773471971
1.99540881030448
2.80986843339736
2.56770690530323
2.04346707617012
2.0013294499792
2.21912660756493
2.74466436294296
2.64725404782255
3.0680971282814
2.55380024718388
1.78181762891151
1.71655518734272
1.20049610989687
1.1451641610749
1.06254177905037
0.859028384255623
0.843383898473749
0.878532491262368
0.816017003912707
0.995645535003862
0.897991980768322
0.987316909741424
1.11399793301288
0.758778468788607
0.774256519927881
0.7697303507647
0.664452242084722
0.783705110212013
0.75698438158839
0.803484827410397
0.864250418277125
0.921719185018622
0.95745493723034
0.976098348107301
1.05013013890658
1.1718439538475
1.12381433987684
1.33381830887056
1.35069577285637
1.41754230814357
1.46691230339304
1.59191490164626
1.90590691282245
1.79398130828856
1.73681187554641
1.87573180678581
1.89914858234906
1.86564748083172
1.73802667837507
1.70155522990736
1.66490396065545
1.88111716123502
2.30136739880982
3.10390820695169
2.86676704131623
2.34913473591308
2.30725521499699
2.52326578739576
