2.47931641371538
2.401454269196
2.7791159743113
2.23294715145795
1.46735476538713
1.41421277718004
0.91000455044334
0.853610321275951
0.771208827406143
0.574683049364295
0.56057552704681
0.594826027130209
0.534627430911112
0.707524340119114
0.613127617754444
0.699064424841849
0.822220178320331
0.479459088410458
0.494187775921132
0.489793508860321
0.389275347367254
0.503199568779254
0.477697865818894
0.52218203044723
0.580532213739201
0.635802771501703
0.670290195587573
0.688288966711854
0.759830168689729
0.878000662929155
0.831079624646059
1.03576649401054
1.05223117350023
1.11774119586125
1.16625358472593
1.28900118628225
1.6001826771119
1.48891834158631
1.4323577765138
1.57002281827496
1.59342467115246
1.56005009121562
1.43356087025591
1.39752787628539
1.36111597806526
1.57510928054706
1.99465196212473
2.80921287946073
2.56764239461564
2.0433059023351
2.00115741514583
2.21866475326825
2.74409604378224
2.64691457337496
3.06719448240543
2.55365267199101
1.78246837363934
1.71745657684332
1.20159386794864
1.14635591878359
1.06388548527861
0.860405165648727
0.844819909415259
0.879934222990069
0.817483693561193
0.997185541544103
0.899458947018904
0.988421667773877
1.11544148449338
0.760160605508172
0.775561954724664
0.770992739729552
0.665875262852258
0.784960406688814
0.758351005721853
0.804748169277908
0.865473708191569
0.922857017366638
0.958596896925104
0.977230030709209
1.05116624106141
1.17285657437445
1.12460173290694
1.33451835679875
1.35133889742884
1.41817368953362
1.46757454575096
1.59222925508303
1.90618807634046
1.79425603236246
1.73721965107229
1.87588178967189
1.89939946174408
1.86585504279563
1.73843384959536
1.70204987496715
1.66524384568955
1.88099473057476
2.30033700672251
3.10265706162088
2.86619602690446
2.34867827669368
2.30680398024997
2.52244385836528
