0.500964657977384
0.526758266870823
0.627287614912114
0.625498517761496
0.552130350848528
0.689298243455312
0.629267729475736
0.601236994086645
0.707727323866241
0.67049167861276
0.720655874526006
0.645280504914453
0.70122034300109
0.743627518655938
0.755051282914351
0.782023372953696
0.834498146488103
0.944532243971398
0.879158635825627
0.899892958512333
0.901309160032356
0.91834820078998
1.06407982579654
1.05181560015141
0.996955285660424
0.976079757044753
0.96539342486598
0.927573176540807
0.932388826746287
0.860859634159056
0.77013131748474
0.807164429934602
0.72387716182224
0.693637091628617
0.700356751515079
0.646649278083565
0.667804015627373
0.682645220569781
0.72901409729847
0.830676726030628
0.573480367789088
0.578845636485873
0.546608313058831
0.495391159129517
0.499697055566934
0.47437499385524
0.535869208854438
0.801294021510572
0.77337386716684
0.594384719390785
0.625073149974261
0.579587869433883
0.544339375447231
0.53147474138792
0.62982301647716
0.641250180964781
0.574554767691815
0.686681950746386
0.63703100821914
0.614767627237166
0.704782125590536
0.672700683754104
0.715233954703371
0.651610782927062
0.69898174169826
0.734720438171975
0.744354953824544
0.767081362079822
0.811130922585418
0.903004180274551
0.848493946558997
0.865810348203442
0.866992117618298
0.881200535529032
1.00211569222535
0.991981739890579
0.946556856065631
0.92923148125462
0.920353872494217
0.888887344276262
0.892898145364795
0.833196915121468
0.757069549351478
0.788198299193389
0.718080114189829
0.692522346840872
0.698206198294598
0.652702268582743
0.670646354254311
0.683219059871729
0.722416338007776
0.807922064755396
0.590426717168073
0.595004535253155
0.567471146617052
0.523589800201164
0.52728556524321
0.505533925944953
0.558284304829125
0.783268984302228
0.759798224371771
0.608252763069065
0.634372759430944
0.595637689127955
