1.80949234987093
1.67489691069763
1.55223867889426
1.79282417175045
1.81464479563765
1.75825747838367
1.76605046388502
1.92370041704264
1.93322192201278
1.66526139673255
1.61410151890593
1.47704717820591
1.51048660481499
1.46513631903324
1.46088656958488
1.37991952463903
1.33904182962815
1.36504006748192
1.45028417174965
1.3936142506699
1.42125996247259
1.39420389480201
1.40449168176341
1.59097032361881
1.49240475114199
1.52792042591927
1.6025702637381
1.81598697859024
1.6652604780798
1.64967717944403
1.55252604598282
1.6742477950274
1.6296945030571
1.60099898098683
1.56376069274452
1.51533891737926
1.55425834927978
1.58700306148973
1.50262305040217
1.44668228560337
1.73788032202208
1.88030061121921
1.69381288150141
1.53671317900079
1.66826336297827
1.58613129317302
1.41532305323116
1.52552953632012
2.27609078283809
2.39823018741259
2.28271510148195
2.20576586040402
2.17465231798178
2.0753078811705
1.97854946617345
2.18184013522879
2.20122028706947
2.15499853907688
2.16175391407837
2.29249851243836
2.30042429396223
2.07804271578697
2.03531990667562
1.92037604481434
1.94848886504927
1.9103574452733
1.90678067987494
1.83849065588487
1.80391481478212
1.825912983883
1.89785323184257
1.85005950689947
1.87339070381499
1.85055745119966
1.85924294218118
2.01597868866774
1.93329651444125
1.96313011335559
2.0256861720485
2.20345801999613
2.07806673277696
2.06505899501798
1.9837718004495
2.08556483847365
2.0483666318872
2.02437151504765
1.99318920768768
1.95256685754565
1.98522419752025
2.01265755800388
1.94188482614037
1.89481923655844
2.13857463960364
2.25673577314436
2.10187837940876
1.97050891580506
2.08057234487816
2.01192769529217
1.86838286538482
1.96112320699252
2.58189298786946
2.68136478627168
2.58729787679763
2.52444146901545
