0.799334765269013
0.815031114889368
0.876686529621142
0.906518129953614
0.80974906434909
0.898328862326003
0.844620582491116
0.822049208838925
0.731580180710659
0.811644959002868
0.941700681922144
1.00404186046797
1.03076385664433
1.06427546203003
1.16244845046819
1.12013762244189
1.19201907002581
1.2673271359849
1.22598266371362
1.27589217264591
1.26780888717069
1.31783130461716
1.31127932251321
1.28091189135479
1.32268348746737
1.33137266786004
1.35989787921113
1.2842799794303
1.30283891538827
1.203986084038
1.20279887452696
1.2610042344413
1.29196834054375
1.18761840832413
1.22317995087283
1.13924969946114
1.22001648847764
1.22523504701142
1.22758750904351
1.19228801650796
1.30369501895196
1.29872560777677
1.33234236095955
1.34580591230529
1.30975695477643
1.32264999227017
1.32439955921653
1.46194715943816
1.35540047319846
1.17830995590231
1.14624625657836
1.14186493747376
1.02117363129186
1.05034467256664
1.07927225050133
1.12102048754103
1.0410937181702
1.09829825679627
1.06456074033265
1.04882650962412
0.944534796180346
1.03453774781437
1.15621932802792
1.19521447199304
1.2367113034957
1.26571935996741
1.33962501059079
1.318385065659
1.37935065031117
1.43509864235882
1.41431388904098
1.45298088750827
1.43678008893268
1.49686425971788
1.48311906190012
1.44982924851454
1.50074441829873
1.4998433998884
1.52185015947592
1.46555699435778
1.47328951902414
1.38303404346202
1.39128083950218
1.43504261456071
1.46327742646236
1.37680022211166
1.40058050584372
1.32645827136575
1.40534715184545
1.40222486244856
1.40708034174756
1.37951875631033
1.47271497269165
1.4717613386041
1.50499606668318
1.51053491794032
1.48219544053771
1.49559105003101
1.49155459023575
1.61871067229713
1.52432275421325
1.36036327258777
1.33534353445122
1.33130608908122
