-0.00622703750154541
-0.0282413771519858
0.0573079259426901
0.138726663985494
0.0480397036060025
0.0400818105398335
-0.0430861248215604
-0.0383156430939702
0.0677455632684969
0.0849627511851945
0.0572632505945612
0.0355606223194695
0.229201192751677
0.136330057855755
0.0206957400434131
-0.030286390171818
-0.131305961446418
-0.139493831397498
-0.155057471733456
-0.186333118618718
-0.211586314332686
-0.20621873844553
-0.342842589304529
-0.271851865006952
-0.273737228530841
-0.309723359912918
-0.313205533410306
-0.377714640813814
-0.240889995883461
-0.112581165348145
-0.0365226425291907
0.0685372583143249
0.0887485129005299
0.21189639095123
0.144492133667954
0.246654234173638
0.358392413336346
0.371929612758359
0.284529031567804
0.219194759697831
0.240009373986737
0.279447892163107
0.202190746823137
0.115274095983521
0.296398969792814
0.227261441105943
-0.129787405502771
-0.438985991266843
-0.312539404799578
0.0865108343664653
0.225591590243566
0.156159612678972
0.136125566753643
0.119471112578011
0.173800053749843
0.267813114792444
0.206084995656288
0.176025811748127
0.0965745609633621
0.12535732313583
0.215544381104853
0.219971470707595
0.214653514386749
0.192999021202513
0.359564015631794
0.285356519792694
0.182405997616397
0.118499506719664
0.0243618466040509
0.0269814765101537
0.00249380679073608
-0.0310512146886013
-0.045622851242237
-0.0439822371899163
-0.184889183179401
-0.107624569160134
-0.108452658440621
-0.150959743141361
-0.150870590980629
-0.211339701407459
-0.0813159660322347
0.044108046728111
0.123524254872185
0.220467871124782
0.236877694292135
0.359694303471575
0.29464136851665
0.386698966534349
0.495759176150405
0.510169768040984
0.42335952374928
0.363342063689838
0.386159853292804
0.419911450717567
0.346413298624357
0.26718143309089
0.437040355496039
0.369886434507238
0.0303312311195403
-0.275439745690684
-0.150937575775578
0.238073610914356
0.371367136668487
0.30348606937146
